0.15979
0.15981
0.15982
0.15983
0.15985
0.15987
0.15989
0.15992
0.15995
0.15999
0.16003
0.16007
0.16012
0.16016
0.1602
0.16023
0.16026
0.16027
0.16028
0.16028
0.16027
0.16025
0.16022
0.16019
0.16015
0.1601
0.16006
0.16001
0.15997
0.15993
0.1599
0.15988
0.15986
0.15986
0.15986
0.15987
0.15988
0.15989
0.15991
0.15992
0.15993
0.15993
0.15993
0.15992
0.1599
0.15987
0.15983
0.15979
0.15975
0.1597
0.15966
0.15962
0.15959
0.15957
0.15956
0.15957
0.15959
0.15962
0.15968
0.15974
0.15982
0.15992
0.16002
0.16013
0.16024
0.16036
0.16047
0.16058
0.16068
0.16077
0.16086
0.16094
0.16101
0.16108
0.16114
0.1612
0.16126
0.16132
0.16139
0.16145
0.16153
0.16161
0.1617
0.16179
0.1619
0.16201
0.16213
0.16225
0.16237
0.1625
0.16262
0.16275
0.16288
0.163
0.16312
0.16324
0.16336
0.16348
0.1636
0.16372
0.16384
0.16397
0.1641
0.16423
0.16437
0.16451
0.16466
0.1648
0.16495
0.16509
0.16523
0.16536
0.16548
0.1656
0.1657
0.16579
0.16588
0.16595
0.16601
0.16606
0.1661
0.16614
0.16618
0.16621
0.16625
0.16629
0.16633
0.16638
0.16644
0.1665
0.16657
0.16664
0.16671
0.16678
0.16686
0.16692
0.16698
0.16704
0.16708
0.16711
0.16713
0.16715
0.16715
0.16714
0.16713
0.16711
0.16709
0.16708
0.16706
0.16706
0.16707
0.16708
0.16711
0.16716
0.16721
0.16728
0.16736
0.16745
0.16754
0.16764
0.16774
0.16784
0.16793
0.16802
0.1681
0.16816
0.16822
0.16827
0.16831
0.16834
0.16836
0.16838
0.16839
0.1684
0.16842
0.16843
0.16845
0.16847
0.1685
0.16854
0.16858
0.16862
0.16867
0.16872
0.16877
0.16882
0.16888
0.16892
0.16897
0.16901
0.16905
0.16908
0.16912
0.16915
0.16918
0.16921
0.16924
0.16927
0.1693
0.16934
0.16938
0.16943
0.16947
0.16952
0.16956
0.1696
0.16964
0.16967
0.16969
0.1697
0.1697
0.16969
0.16966
0.16963
0.16958
0.16953
0.16947
0.1694
0.16934
0.16927
0.1692
0.16909
0.16899
0.1689
0.16881
0.16873
0.16865
0.16858
0.16851
0.16845
0.16838
0.16831
0.16823
0.16815
0.16806
0.16796
0.16785
0.16773
0.1676
0.16747
0.16733
0.16719
0.16705
0.16691
0.16678
0.16666
0.16655
0.16645
0.16637
0.16631
0.16625
0.16622
0.16619
0.16618
0.16618
0.16618
0.16618
0.16619
0.16619
0.16619
0.16618
0.16617
0.16615
0.16612
0.16608
0.16604
0.16599
0.16594
0.16588
0.16583
0.16578
0.16574
0.1657
0.16567
0.16565
0.16564
0.16563
0.16563
0.16564
0.16565
0.16566
0.16568
0.1657
0.16572
0.16574
0.16575
0.16577
0.16578
0.1658
0.16581
0.16583
0.16585
0.16587
0.16589
0.16592
0.16596
0.166
0.16604
0.16609
0.16614
0.16619
0.16623
0.16628
0.16632
0.16635
0.16638
0.16639
0.1664
0.16639
0.16638
0.16636
0.16633
0.16629
0.16625
0.16621
0.16616
0.16612
0.16609
0.16606
0.16604
0.16602
0.16601
0.16601
0.16602
0.16602
0.16603
0.16604
0.16605
0.16605
0.16604
0.16603
0.16601
0.16597
0.16593
0.16588
0.16582
0.16576
0.1657
0.16563
0.16557
0.16552
0.16547
0.16543
0.16541
0.1654
0.16541
0.16543
0.16546
0.16551
0.16556
0.16563
0.1657
0.16577
0.16584
0.1659
0.16596
0.16602
0.16606
0.1661
0.16613
0.16614
0.16615
0.16616
0.16616
0.16616
0.16615
0.16615
0.16615
0.16616
0.16617
0.16619
0.16621
0.16624
0.16628
0.16632
0.16636
0.16641
0.16645
0.1665
0.16654
0.16658
0.16662
0.16665
0.16669
0.16672
0.16674
0.16677
0.1668
0.16683
0.16686
0.1669
0.16693
0.16697
0.16702
0.16706
0.16711
0.16715
0.16719
0.16723
0.16726
0.16728
0.16729
0.16729
0.16728
0.16726
0.16722
0.16718
0.16713
0.16707
0.167
0.16693
0.16686
0.16679
0.16673
0.16667
0.16661
0.16656
0.16652
0.16649
0.16645
0.16642
0.1664
0.16637
0.16633
0.16629
0.16625
0.16619
0.16613
0.16605
0.16597
0.16587
0.16577
0.16567
0.16556
0.16545
0.16535
0.16525
0.16516
0.16508
0.16501
0.16497
0.16494
0.16493
0.16493
0.16495
0.16497
0.165
0.16504
0.16508
0.16512
0.16516
0.1652
0.16522
0.16524
0.16525
0.16525
0.16525
0.16524
0.16522
0.1652
0.16517
0.16515
0.16513
0.16512
0.16511
0.16511
0.16511
0.16512
0.16514
0.16517
0.1652
0.16524
0.16528
0.16532
0.16536
0.16541
0.16545
0.16549
0.16552
0.16556
0.1656
0.16563
0.16567
0.16571
0.16576
0.1658
0.16585
0.16591
0.16597
0.16603
0.1661
0.16617
0.16624
0.16631
0.16637
0.16643
0.16649
0.16653
0.16657
0.16659
0.16661
0.16661
0.16661
0.1666
0.16658
0.16656
0.16654
0.16652
0.1665
0.16648
0.16647
0.16647
0.16648
0.16649
0.16651
0.16653
0.16656
0.16659
0.16662
0.16665
0.16667
0.16669
0.1667
0.1667
0.16669
0.16667
0.16664
0.16661
0.16657
0.16653
0.16649
0.16645
0.16642
0.1664
0.16638
0.16639
0.1664
0.16643
0.16648
0.16654
0.16661
0.16669
0.16678
0.16688
0.16697
0.16707
0.16716
0.16725
0.16733
0.1674
0.16747
0.16752
0.16757
0.1676
0.16764
0.16766
0.16769
0.16771
0.16774
0.16777
0.1678
0.16784
0.16789
0.16794
0.168
0.16806
0.16813
0.1682
0.16827
0.16834
0.16841
0.16848
0.16855
0.16861
0.16867
0.16873
0.16878
0.16884
0.16889
0.16894
0.16899
0.16905
0.16911
0.16917
0.16923
0.1693
0.16936
0.16943
0.16949
0.16955
0.16961
0.16966
0.1697
0.16973
0.16974
0.16975
0.16974
0.16972
0.16969
0.16965
0.16961
0.16955
0.1695
0.16944
0.16938
0.16932
0.16927
0.16923
0.16919
0.16915
0.16912
0.16909
0.16906
0.16904
0.16901
0.16898
0.16894
0.16889
0.16884
0.16877
0.16869
0.1686
0.1685
0.1684
0.16828
0.16817
0.16805
0.16793
0.16782
0.16772
0.16763
0.16755
0.16748
0.16743
0.16739
0.16736
0.16734
0.16734
0.16734
0.16734
0.16735
0.16736
0.16736
0.16736
0.16734
0.16733
0.1673
0.16726
0.16721
0.16716
0.1671
0.16703
0.16697
0.1669
0.16683
0.16677
0.16672
0.16667
0.16662
0.16659
0.16662
0.16666
0.1667
0.16675
0.1668
0.16686
0.16691
0.16696
0.16701
0.16706
0.16711
0.16715
0.1672
0.16724
0.16729
0.16733
0.16738
0.16744
0.16749
0.16756
0.16762
0.16769
0.16777
0.16784
0.16792
0.16799
0.16806
0.16813
0.16819
0.16824
0.16828
0.16831
0.16834
0.16835
0.16835
0.16835
0.16834
0.16833
0.16832
0.16831
0.1683
0.16829
0.1683
0.16831
0.16833
0.16835
0.16839
0.16843
0.16847
0.16852
0.16857
0.16861
0.16865
0.16869
0.16872
0.16874
0.16876
0.16876
0.16876
0.16875
0.16874
0.16873
0.16872
0.16871
0.16871
0.16873
0.16875
0.16879
0.16884
0.16891
0.169
0.1691
0.16921
0.16934
0.16947
0.16962
0.16976
0.16991
0.17005
0.17019
0.17033
0.17046
0.17058
0.17069
0.1708
0.1709
0.17099
0.17109
0.17118
0.17127
0.17137
0.17147
0.17158
0.17169
0.17181
0.17194
0.17208
0.17222
0.17237
0.17253
0.17268
0.17284
0.173
0.17316
0.17332
0.17348
0.17363
0.17379
0.17394
0.17409
0.17424
0.1744
0.17455
0.17471
0.17488
0.17504
0.17521
0.17539
0.17557
0.17574
0.17592
0.1761
0.17627
0.17643
0.17659
0.17674
0.17687
0.177
0.17711
0.17722
0.17731
0.17739
0.17747
0.17754
0.17761
0.17768
0.17775
0.17783
0.1779
0.17799
0.17807
0.17817
0.17827
0.17837
0.17848
0.17858
0.17869
0.17879
0.17888
0.17897
0.17904
0.17911
0.17917
0.17921
0.17924
0.17927
0.17929
0.17931
0.17932
0.17934
0.17936
0.17939
0.17943
0.17948
0.17954
0.17962
0.17971
0.17981
0.17992
0.18004
0.18017
0.1803
0.18043
0.18056
0.18069
0.18081
0.18092
0.18102
0.18111
0.18119
0.18127
0.18133
0.18138
0.18143
0.18148
0.18153
0.18157
0.18162
0.18167
0.18173
0.18179
0.18186
0.18193
0.18201
0.18209
0.18217
0.18226
0.18234
0.18243
0.18251
0.18259
0.18266
0.18273
0.1828
0.18287
0.18293
0.18299
0.18305
0.18312
0.18318
0.18325
0.18332
0.1834
0.18348
0.18355
0.18363
0.18371
0.18378
0.18385
0.18391
0.18399
0.18406
0.18413
0.18418
0.18421
0.18424
0.18426
0.18426
0.18426
0.18426
0.18425
0.18424
0.18424
0.18423
0.18424
0.18424
0.18426
0.18428
0.18431
0.18434
0.18437
0.18441
0.18445
0.18448
0.1845
0.18452
0.18454
0.18454
0.18453
0.18452
0.18449
0.18446
0.18442
0.18439
0.18435
0.18431
0.18429
0.18427
0.18426
0.18427
0.18429
0.18433
0.18438
0.18444
0.18452
0.18461
0.18471
0.18482
0.18492
0.18503
0.18514
0.18524
0.18534
0.18542
0.1855
0.18558
0.18564
0.1857
0.18576
0.18581
0.18586
0.18591
0.18596
0.18602
0.18609
0.18616
0.18624
0.18633
0.18643
0.18653
0.18664
0.18675
0.18687
0.18699
0.18711
0.18724
0.18736
0.18748
0.18759
0.18771
0.18783
0.18795
0.18806
0.18819
0.18831
0.18844
0.18857
0.18871
0.18885
0.189
0.18915
0.1893
0.18945
0.1896
0.18975
0.18989
0.19003
0.19016
0.19028
0.19038
0.19048
0.19057
0.19065
0.19072
0.19079
0.19085
0.19091
0.19097
0.19103
0.1911
0.19118
0.19126
0.19134
0.19144
0.19154
0.19165
0.19176
0.19187
0.19198
0.19209
0.19219
0.19229
0.19238
0.19246
0.19253
0.19259
0.19264
0.19269
0.19273
0.19277
0.1928
0.19285
0.19289
0.19295
0.19302
0.1931
0.19319
0.1933
0.19342
0.19356
0.19371
0.19387
0.19403
0.19421
0.19438
0.19455
0.19472
0.19488
0.19504
0.19519
0.19533
0.19546
0.19558
0.19569
0.1958
0.1959
0.196
0.1961
0.1962
0.19631
0.19642
0.19653
0.19665
0.19678
0.19691
0.19705
0.1972
0.19734
0.19749
0.19764
0.19779
0.19793
0.19807
0.19821
0.19835
0.19849
0.19862
0.19875
0.19888
0.19901
0.19914
0.19928
0.19942
0.19956
0.1997
0.19985
0.19999
0.20014
0.20029
0.20043
0.20057
0.2007
0.20083
0.20094
0.20105
0.20114
0.20122
0.20129
0.20135
0.20139
0.20144
0.20147
0.20151
0.20154
0.20158
0.20161
0.20166
0.2017
0.20176
0.20182
0.20189
0.20196
0.20203
0.2021
0.20218
0.20225
0.20231
0.20237
0.20241
0.20233
0.20223
0.20213
0.20201
0.20189
0.20177
0.20164
0.20151
0.20138
0.20126
0.20115
0.20105
0.20096
0.20089
0.20083
0.20079
0.20076
0.20074
0.20073
0.20073
0.20074
0.20075
0.20075
0.20076
0.20076
0.20076
0.20074
0.20072
0.20069
0.20065
0.20061
0.20056
0.20051
0.20045
0.2004
0.20034
0.2003
0.20026
0.20022
0.20019
0.20017
0.20016
0.20016
0.20016
0.20016
0.20017
0.20018
0.20019
0.2002
0.20021
0.20022
0.20022
0.20023
0.20023
0.20024
0.20024
0.20025
0.20026
0.20027
0.20029
0.20032
0.20034
0.20038
0.20041
0.20045
0.20049
0.20052
0.20055
0.20058
0.2006
0.20062
0.20062
0.20061
0.2006
0.20057
0.20053
0.20049
0.20044
0.20039
0.20033
0.20028
0.20023
0.20018
0.20014
0.20011
0.20008
0.20006
0.20005
0.20004
0.20004
0.20003
0.20003
0.20003
0.20002
0.2
0.19998
0.19995
0.1999
0.19985
0.19979
0.19973
0.19966
0.19958
0.19951
0.19944
0.19938
0.19932
0.19928
0.19925
0.19923
0.19923
0.19925
0.19927
0.19931
0.19936
0.19942
0.19948
0.19955
0.19961
0.19967
0.19973
0.19978
0.19982
0.19985
0.19987
0.19988
0.19989
0.19989
0.19988
0.19988
0.19987
0.19986
0.19986
0.19986
0.19987
0.19988
0.1999
0.19993
0.19996
0.19999
0.20003
0.20007
0.20011
0.20015
0.20019
0.20022
0.20025
0.20028
0.20031
0.20033
0.20035
0.20037
0.20039
0.20041
0.20043
0.20046
0.20049
0.20052
0.20055
0.20059
0.20062
0.20065
0.20068
0.2007
0.20072
0.20073
0.20072
0.20071
0.20068
0.20064
0.20059
0.20053
0.20046
0.20038
0.20029
0.20021
0.20012
0.20002
0.19994
0.19985
0.19977
0.1997
0.19963
0.19957
0.19951
0.19945
0.19939
0.19933
0.19927
0.1992
0.19912
0.19903
0.19893
0.19882
0.1987
0.19857
0.19843
0.19828
0.19814
0.19799
0.19784
0.1977
0.19756
0.19744
0.19732
0.19722
0.19714
0.19707
0.19701
0.19696
0.19692
0.19689
0.19686
0.19684
0.19681
0.19678
0.19675
0.1967
0.19665
0.19659
0.1966
0.1966
0.1966
0.19659
0.19657
0.19655
0.19653
0.19652
0.1965
0.1965
0.19649
0.1965
0.19651
0.19653
0.19655
0.19658
0.19662
0.19665
0.19669
0.19673
0.19677
0.1968
0.19684
0.19687
0.1969
0.19693
0.19696
0.19699
0.19702
0.19705
0.19709
0.19713
0.19718
0.19723
0.19729
0.19735
0.19741
0.19747
0.19753
0.19758
0.19763
0.19768
0.19771
0.19774
0.19776
0.19777
0.19776
0.19775
0.19774
0.19771
0.19769
0.19766
0.19763
0.19761
0.19759
0.19758
0.19757
0.19758
0.19759
0.19761
0.19763
0.19766
0.19769
0.19773
0.19776
0.19778
0.19781
0.19782
0.19783
0.19783
0.19782
0.1978
0.19778
0.19775
0.19772
0.1977
0.19768
0.19766
0.19766
0.19767
0.19769
0.19773
0.19779
0.19786
0.19794
0.19804
0.19815
0.19827
0.1984
0.19853
0.19866
0.19879
0.19892
0.19904
0.19915
0.19926
0.19936
0.19945
0.19953
0.19961
0.19969
0.19977
0.19985
0.19993
0.20001
0.20011
0.2002
0.20031
0.20043
0.20055
0.20068
0.20081
0.20095
0.20109
0.20124
0.20138
0.20153
0.20167
0.20181
0.20195
0.20209
0.20223
0.20236
0.2025
0.20264
0.20278
0.20293
0.20307
0.20323
0.20338
0.20354
0.2037
0.20387
0.20403
0.20419
0.20435
0.2045
0.20464
0.20477
0.20489
0.205
0.2051
0.20519
0.20527
0.20534
0.2054
0.20546
0.20551
0.20557
0.20562
0.20568
0.20574
0.20581
0.20588
0.20596
0.20605
0.20614
0.20623
0.20632
0.20641
0.20649
0.20657
0.20664
0.2067
0.20675
0.20679
0.20682
0.20684
0.20685
0.20686
0.20686
0.20686
0.20686
0.20687
0.20688
0.20691
0.20694
0.20699
0.20705
0.20713
0.20721
0.20731
0.20741
0.20753
0.20764
0.20776
0.20788
0.20799
0.20809
0.20819
0.20827
0.20835
0.20842
0.20847
0.20852
0.20856
0.2086
0.20863
0.20866
0.20869
0.20872
0.20876
0.2088
0.20885
0.2089
0.20896
0.20902
0.20909
0.20916
0.20923
0.2093
0.20936
0.20943
0.20949
0.20955
0.20961
0.20966
0.20971
0.20976
0.20992
0.21009
0.21025
0.21041
0.21058
0.21075
0.21092
0.2111
0.21127
0.21145
0.21163
0.2118
0.21197
0.21213
0.21228
0.21242
0.21255
0.21267
0.21278
0.21288
0.21297
0.21305
0.21312
0.21318
0.21325
0.21331
0.21337
0.21344
0.21351
0.21359
0.21368
0.21377
0.21387
0.21397
0.21408
0.21418
0.21429
0.21439
0.21449
0.21458
0.21466
0.21474
0.2148
0.21486
0.2149
0.21494
0.21498
0.21501
0.21504
0.21508
0.21512
0.21518
0.21524
0.21532
0.21541
0.21552
0.21564
0.21578
0.21593
0.21609
0.21626
0.21643
0.21661
0.21679
0.21697
0.21714
0.2173
0.21746
0.21762
0.21776
0.2179
0.21803
0.21815
0.21827
0.21839
0.21852
0.21864
0.21877
0.21891
0.21905
0.2192
0.21936
0.21953
0.2197
0.21988
0.22007
0.22026
0.22045
0.22064
0.22083
0.22103
0.22122
0.22141
0.22159
0.22178
0.22197
0.22216
0.22235
0.22255
0.22275
0.22295
0.22316
0.22337
0.22359
0.22381
0.22403
0.22425
0.22448
0.22469
0.22491
0.22512
0.22531
0.2255
0.22568
0.22585
0.22601
0.22616
0.2263
0.22644
0.22657
0.2267
0.22684
0.22697
0.22711
0.22725
0.22741
0.22756
0.22773
0.2279
0.22808
0.22826
0.22844
0.22862
0.2288
0.22898
0.22915
0.22931
0.22946
0.2296
0.22973
0.22985
0.22997
0.23008
0.23019
0.2303
0.23041
0.23053
0.23066
0.2308
0.23095
0.23111
0.23129
0.23149
0.23169
0.23191
0.23214
0.23238
0.23262
0.23286
0.23311
0.23335
0.23358
0.23381
0.23403
0.23424
0.23444
0.23463
0.23482
0.23499
0.23517
0.23534
0.23551
0.23568
0.23586
0.23604
0.23622
0.23642
0.23661
0.23682
0.23703
0.23724
0.23746
0.23768
0.23789
0.23811
0.23833
0.23854
0.23876
0.23896
0.23917
0.23937
0.23957
0.23978
0.23998
0.24018
0.24039
0.24059
0.24081
0.24102
0.24124
0.24146
0.24168
0.24189
0.24211
0.24232
0.24252
0.24271
0.2429
0.24307
0.24324
0.24339
0.24353
0.24366
0.24378
0.24389
0.244
0.2441
0.24421
0.24431
0.24442
0.24451
0.24461
0.24471
0.24481
0.24493
0.24505
0.24517
0.24529
0.24541
0.24552
0.24563
0.24574
0.24583
0.24592
0.24599
0.24606
0.24612
0.24617
0.24621
0.24625
0.24629
0.24634
0.24639
0.24645
0.24652
0.2466
0.2467
0.24681
0.24694
0.24708
0.24723
0.24739
0.24756
0.24774
0.24792
0.2481
0.24828
0.24845
0.24861
0.24877
0.24892
0.24906
0.24919
0.24932
0.24944
0.24956
0.24967
0.24979
0.24991
0.25003
0.25016
0.2503
0.25044
0.25059
0.25075
0.25092
0.25109
0.25126
0.25144
0.25162
0.2518
0.25198
0.25216
0.25234
0.25252
0.2527
0.25287
0.25305
0.25322
0.2534
0.25358
0.25377
0.25396
0.25415
0.25435
0.25455
0.25476
0.25497
0.25517
0.25538
0.25558
0.25578
0.25597
0.25616
0.25633
0.2565
0.25665
0.25679
0.25693
0.25706
0.25718
0.2573
0.25741
0.25753
0.25765
0.25777
0.2579
0.25804
0.25818
0.25833
0.25849
0.25866
0.25882
0.25899
0.25916
0.25933
0.25949
0.25964
0.25979
0.25993
0.26006
0.26017
0.26029
0.26039
0.26049
0.26059
0.26069
0.26079
0.2609
0.26101
0.26114
0.26128
0.26143
0.2616
0.26179
0.26199
0.2622
0.26242
0.26264
0.26288
0.26311
0.26335
0.26358
0.26381
0.26403
0.26424
0.26444
0.26463
0.26482
0.26499
0.26516
0.26533
0.26549
0.26566
0.26582
0.26599
0.26616
0.26634
0.26652
0.26671
0.26691
0.26711
0.26732
0.26752
0.26773
0.26795
0.26816
0.26836
0.26857
0.26877
0.26897
0.26917
0.26936
0.26955
0.26974
0.26993
0.27012
0.27032
0.27051
0.27071
0.27092
0.27112
0.27132
0.27153
0.27173
0.27193
0.27213
0.27231
0.27249
0.27266
0.27281
0.27296
0.27309
0.27321
0.27332
0.27342
0.27351
0.27359
0.27368
0.27376
0.27384
0.27392
0.27401
0.2741
0.27419
0.2743
0.2744
0.27452
0.27463
0.27474
0.27485
0.27496
0.27506
0.27515
0.27523
0.2753
0.27536
0.27541
0.27545
0.27548
0.27551
0.27553
0.27555
0.27558
0.27561
0.27564
0.27569
0.27575
0.27582
0.2759
0.27572
0.27554
0.27538
0.27523
0.27509
0.27495
0.27481
0.27467
0.27453
0.27438
0.27422
0.27406
0.27388
0.2737
0.27351
0.27331
0.2731
0.27289
0.27268
0.27247
0.27226
0.27205
0.27185
0.27166
0.27147
0.27129
0.27111
0.27094
0.27078
0.27062
0.27046
0.2703
0.27015
0.26999
0.26983
0.26967
0.26951
0.26935
0.26918
0.26902
0.26886
0.26869
0.26854
0.26838
0.26823
0.26808
0.26794
0.2678
0.26767
0.26753
0.2674
0.26726
0.26713
0.26698
0.26683
0.26668
0.26651
0.26633
0.26615
0.26595
0.26575
0.26554
0.26532
0.2651
0.26488
0.26466
0.26444
0.26423
0.26402
0.26382
0.26363
0.26345
0.26328
0.26311
0.26294
0.26278
0.26262
0.26246
0.26229
0.26212
0.26194
0.26175
0.26156
0.26135
0.26114
0.26093
0.26071
0.26049
0.26027
0.26005
0.25984
0.25965
0.25946
0.25929
0.25914
0.259
0.25888
0.25877
0.25867
0.25859
0.25852
0.25845
0.25839
0.25832
0.25826
0.25819
0.25812
0.25804
0.25795
0.25786
0.25775
0.25765
0.25753
0.25742
0.2573
0.25718
0.25707
0.25696
0.25686
0.25677
0.25668
0.2566
0.25653
0.25646
0.2564
0.25635
0.2563
0.25625
0.2562
0.25615
0.2561
0.25605
0.25599
0.25594
0.25588
0.25583
0.25577
0.25571
0.25566
0.25561
0.25557
0.25553
0.25549
0.25545
0.25542
0.25539
0.25536
0.25533
0.25529
0.25525
0.25519
0.25513
0.25506
0.25498
0.25488
0.25478
0.25466
0.25454
0.25441
0.25427
0.25413
0.25399
0.25385
0.25372
0.25358
0.25346
0.25334
0.25322
0.25312
0.25301
0.25291
0.2528
0.2527
0.25259
0.25248
0.25235
0.25222
0.25208
0.25193
0.25176
0.25159
0.2514
0.25122
0.25102
0.25083
0.25064
0.25045
0.25027
0.2501
0.24994
0.2498
0.24966
0.24954
0.24944
0.24934
0.24925
0.24917
0.24909
0.24902
0.24894
0.24886
0.24877
0.24867
0.24856
0.24844
0.24832
0.24818
0.24803
0.24788
0.24772
0.24756
0.2474
0.24723
0.24707
0.24692
0.24676
0.24662
0.24648
0.24634
0.2463
0.24627
0.24624
0.24621
0.24618
0.24615
0.24611
0.24608
0.24604
0.24599
0.24595
0.2459
0.24585
0.24579
0.24574
0.24569
0.24564
0.2456
0.24555
0.24551
0.24548
0.24544
0.2454
0.24536
0.24532
0.24528
0.24522
0.24516
0.24509
0.24501
0.24492
0.24481
0.2447
0.24457
0.24443
0.24429
0.24414
0.24399
0.24384
0.24369
0.24355
0.24341
0.24327
0.24315
0.24302
0.24291
0.2428
0.24269
0.24258
0.24248
0.24237
0.24225
0.24213
0.242
0.24186
0.24171
0.24155
0.24138
0.24121
0.24103
0.24085
0.24067
0.24049
0.24032
0.24016
0.24001
0.23988
0.23975
0.23965
0.23956
0.23948
0.23942
0.23936
0.23932
0.23928
0.23925
0.23921
0.23918
0.23913
0.23909
0.23903
0.23897
0.2389
0.23882
0.23874
0.23865
0.23856
0.23847
0.23838
0.23829
0.23821
0.23813
0.23806
0.238
0.23794
0.2379
0.23786
0.23783
0.2378
0.23777
0.23775
0.23773
0.23771
0.23769
0.23766
0.23764
0.23761
0.23759
0.23756
0.23754
0.23752
0.2375
0.23748
0.23747
0.23747
0.23747
0.23747
0.23748
0.23749
0.2375
0.23751
0.23751
0.23751
0.23751
0.23749
0.23747
0.23743
0.23739
0.23733
0.23727
0.2372
0.23712
0.23704
0.23696
0.23688
0.2368
0.23672
0.23666
0.23659
0.23654
0.23649
0.23645
0.23641
0.23638
0.23635
0.23632
0.23628
0.23625
0.2362
0.23615
0.23608
0.23601
0.23593
0.23584
0.23574
0.23564
0.23554
0.23543
0.23533
0.23524
0.23515
0.23507
0.23501
0.23496
0.23493
0.23491
0.2349
0.23491
0.23493
0.23495
0.23498
0.23501
0.23504
0.23507
0.23509
0.2351
0.23511
0.2351
0.23509
0.23507
0.23504
0.235
0.23496
0.23492
0.23488
0.23484
0.2348
0.23477
0.23474
0.23472
0.2347
0.23469
0.23469
0.23469
0.23469
0.2347
0.2347
0.23471
0.23471
0.23471
0.23471
0.2347
0.2347
0.23469
0.23467
0.23466
0.23465
0.23464
0.23463
0.23463
0.23462
0.23463
0.23463
0.23463
0.23464
0.23464
0.23465
0.23464
0.23463
0.23461
0.23464
0.23466
0.23467
0.23467
0.23466
0.23463
0.2346
0.23456
0.23451
0.23446
0.23441
0.23436
0.23432
0.23428
0.23424
0.23421
0.23419
0.23418
0.23416
0.23415
0.23414
0.23413
0.23412
0.2341
0.23407
0.23404
0.23399
0.23394
0.23388
0.2338
0.23372
0.23364
0.23355
0.23346
0.23337
0.23329
0.23322
0.23316
0.23312
0.23308
0.23307
0.23306
0.23307
0.2331
0.23313
0.23317
0.23322
0.23327
0.23331
0.23336
0.2334
0.23344
0.23347
0.23349
0.2335
0.2335
0.23349
0.23349
0.23347
0.23346
0.23345
0.23343
0.23343
0.23343
0.23343
0.23345
0.23347
0.2335
0.23353
0.23357
0.23362
0.23367
0.23372
0.23377
0.23382
0.23387
0.23392
0.23396
0.23401
0.23405
0.2341
0.23414
0.23419
0.23424
0.2343
0.23436
0.23442
0.23449
0.23456
0.23464
0.23472
0.2348
0.23487
0.23495
0.23501
0.23508
0.23513
0.23517
0.23521
0.23523
0.23524
0.23525
0.23525
0.23524
0.23523
0.23521
0.2352
0.23519
0.23518
0.23518
0.23519
0.2352
0.23522
0.23525
0.23529
0.23532
0.23536
0.2354
0.23544
0.23547
0.23549
0.23551
0.23552
0.23552
0.2355
0.23549
0.23546
0.23543
0.2354
0.23537
0.23534
0.23531
0.2353
0.2353
0.23531
0.23533
0.23537
0.23543
0.23549
0.23557
0.23566
0.23576
0.23587
0.23597
0.23608
0.23618
0.23627
0.23636
0.23644
0.23652
0.23658
0.23663
0.23668
0.23672
0.23676
0.23679
0.23682
0.23686
0.23689
0.23694
0.23698
0.23704
0.2371
0.23717
0.23724
0.23731
0.23739
0.23747
0.23755
0.23763
0.23771
0.23778
0.23786
0.23793
0.23799
0.23805
0.23812
0.23818
0.23824
0.2383
0.23836
0.23843
0.2385
0.23857
0.23864
0.23872
0.23879
0.23887
0.23894
0.239
0.23906
0.2391
0.23914
0.23917
0.23918
0.23918
0.23917
0.23915
0.23912
0.23908
0.23904
0.23899
0.23894
0.23889
0.23884
0.2388
0.23876
0.23873
0.2387
0.23868
0.23866
0.23864
0.23862
0.23861
0.23858
0.23855
0.23851
0.23846
0.23841
0.23834
0.23817
0.23799
0.2378
0.2376
0.2374
0.2372
0.23701
0.23682
0.23663
0.23646
0.23629
0.23615
0.23601
0.23589
0.23578
0.23568
0.23559
0.23551
0.23544
0.23536
0.23528
0.23521
0.23512
0.23503
0.23493
0.23482
0.2347
0.23457
0.23443
0.23429
0.23414
0.234
0.23385
0.2337
0.23356
0.23342
0.23329
0.23316
0.23304
0.23293
0.23283
0.23272
0.23263
0.23253
0.23244
0.23235
0.23226
0.23216
0.23206
0.23197
0.23187
0.23176
0.23166
0.23156
0.23146
0.23137
0.23128
0.23119
0.2311
0.23103
0.23095
0.23088
0.23081
0.23074
0.23067
0.23059
0.23051
0.23043
0.23033
0.23023
0.23012
0.23
0.22986
0.22972
0.22957
0.22942
0.22926
0.2291
0.22895
0.22879
0.22864
0.2285
0.22837
0.22824
0.22812
0.22801
0.2279
0.2278
0.22771
0.22761
0.22751
0.22741
0.2273
0.22718
0.22706
0.22692
0.22678
0.22664
0.22648
0.22633
0.22617
0.22601
0.22586
0.22572
0.22559
0.22546
0.22536
0.22527
0.22519
0.22513
0.22509
0.22505
0.22504
0.22503
0.22502
0.22502
0.22502
0.22502
0.22502
0.22501
0.22499
0.22497
0.22494
0.2249
0.22485
0.2248
0.22475
0.2247
0.22464
0.22459
0.22455
0.22451
0.22448
0.22446
0.22444
0.22443
0.22443
0.22443
0.22444
0.22446
0.22447
0.22448
0.2245
0.22451
0.22452
0.22453
0.22454
0.22455
0.22455
0.22456
0.22457
0.22458
0.22459
0.22461
0.22463
0.22466
0.22469
0.22472
0.22475
0.22478
0.22481
0.22484
0.22486
0.22487
0.22487
0.22486
0.22485
0.22481
0.22477
0.22472
0.22466
0.22459
0.22452
0.22444
0.22437
0.22429
0.22422
0.22415
0.22409
0.22403
0.22398
0.22393
0.22389
0.22385
0.22381
0.22377
0.22373
0.22368
0.22362
0.22355
0.22347
0.22338
0.22328
0.22317
0.22305
0.22292
0.22279
0.22266
0.22253
0.22241
0.22229
0.22219
0.22209
0.22201
0.22194
0.22188
0.22184
0.22181
0.22178
0.22176
0.22175
0.22174
0.22172
0.2217
0.22168
0.22164
0.2216
0.22154
0.22148
0.22141
0.22132
0.22123
0.22114
0.22104
0.22094
0.22084
0.22074
0.22065
0.22056
0.22048
0.2204
0.22033
0.22026
0.22019
0.22013
0.22007
0.22001
0.21995
0.21989
0.21982
0.21975
0.21967
0.2196
0.21952
0.21943
0.21935
0.21927
0.21919
0.21911
0.21903
0.21896
0.21889
0.21882
0.21875
0.21868
0.21861
0.21854
0.21846
0.21838
0.21829
0.21819
0.21807
0.21795
0.21782
0.21767
0.21751
0.21735
0.21717
0.21699
0.21681
0.21663
0.21645
0.21628
0.21611
0.21594
0.21578
0.21563
0.21548
0.21534
0.2152
0.21507
0.21493
0.21479
0.21464
0.21449
0.21433
0.21415
0.21397
0.21378
0.21359
0.21338
0.21317
0.21296
0.21275
0.21254
0.21234
0.21215
0.21197
0.2118
0.21165
0.21152
0.21139
0.21129
0.21119
0.21111
0.21103
0.21096
0.2109
0.21083
0.21077
0.2107
0.21062
0.21053
0.21044
0.21034
0.21023
0.21012
0.21
0.20988
0.20975
0.20963
0.20951
0.2094
0.20929
0.20919
0.2091
0.20901
0.20894
0.20887
0.2088
0.20874
0.20869
0.20864
0.20858
0.20853
0.20848
0.20842
0.20837
0.20831
0.20826
0.2082
0.20815
0.20809
0.20805
0.208
0.20796
0.20792
0.20789
0.20787
0.20784
0.20782
0.2078
0.20778
0.20775
0.20772
0.20768
0.20764
0.20758
0.20752
0.20744
0.20736
0.20727
0.20716
0.20706
0.20695
0.20683
0.20672
0.20661
0.2065
0.2064
0.20631
0.20623
0.20615
0.20608
0.20601
0.20595
0.20588
0.20582
0.20576
0.20569
0.20561
0.20553
0.20543
0.20533
0.20522
0.2051
0.20497
0.20484
0.2047
0.20457
0.20444
0.20431
0.20419
0.20409
0.20399
0.20391
0.20385
0.2038
0.20376
0.20374
0.20372
0.20372
0.20371
0.20371
0.20371
0.20371
0.2037
0.20368
0.20366
0.20362
0.20358
0.20353
0.20347
0.2034
0.20333
0.20326
0.20319
0.20311
0.20304
0.20298
0.20292
0.20287
0.20282
0.20278
0.20275
0.20272
0.20269
0.20266
0.20264
0.20261
0.20259
0.20256
0.20252
0.20249
0.20245
0.20241
0.20237
0.20232
0.20228
0.20231
0.20234
0.20237
0.2024
0.20244
0.20248
0.20252
0.20257
0.20261
0.20265
0.20268
0.20271
0.20272
0.20273
0.20273
0.20272
0.20269
0.20265
0.20261
0.20255
0.20249
0.20242
0.20235
0.20227
0.2022
0.20214
0.20207
0.20201
0.20196
0.20192
0.20188
0.20184
0.20181
0.20178
0.20175
0.20171
0.20167
0.20162
0.20156
0.20149
0.20142
0.20133
0.20123
0.20113
0.20102
0.20091
0.2008
0.20069
0.20059
0.2005
0.20041
0.20035
0.20029
0.20025
0.20022
0.20021
0.20021
0.20022
0.20024
0.20026
0.20029
0.20032
0.20034
0.20036
0.20037
0.20038
0.20037
0.20036
0.20034
0.20032
0.20028
0.20025
0.20021
0.20018
0.20014
0.20011
0.20009
0.20007
0.20006
0.20006
0.20007
0.20008
0.2001
0.20012
0.20015
0.20017
0.2002
0.20023
0.20026
0.20028
0.20031
0.20033
0.20035
0.20037
0.2004
0.20042
0.20045
0.20048
0.20052
0.20056
0.20061
0.20066
0.20071
0.20077
0.20082
0.20088
0.20093
0.20097
0.20101
0.20104
0.20107
0.20108
0.20108
0.20107
0.20105
0.20103
0.20099
0.20096
0.20092
0.20089
0.20085
0.20083
0.2008
0.20079
0.20078
0.20078
0.20078
0.20079
0.20081
0.20082
0.20084
0.20085
0.20086
0.20086
0.20086
0.20084
0.20082
0.20078
0.20074
0.20069
0.20064
0.20059
0.20053
0.20048
0.20044
0.2004
0.20037
0.20036
0.20036
0.20038
0.20041
0.20046
0.20052
0.20058
0.20066
0.20074
0.20082
0.2009
0.20098
0.20106
0.20112
0.20118
0.20123
0.20127
0.2013
0.20133
0.20134
0.20136
0.20137
0.20138
0.20139
0.2014
0.20142
0.20145
0.20148
0.20152
0.20156
0.20161
0.20166
0.20172
0.20178
0.20184
0.20189
0.20195
0.202
0.20205
0.2021
0.20214
0.20218
0.20222
0.20226
0.20229
0.20233
0.20238
0.20242
0.20247
0.20251
0.20257
0.20262
0.20267
0.20272
0.20277
0.20281
0.20284
0.20287
0.20288
0.20289
0.20288
0.20286
0.20282
0.20278
0.20273
0.20266
0.2026
0.20253
0.20245
0.20238
0.20231
0.20225
0.20218
0.20215
0.20212
0.20209
0.20207
0.20205
0.20203
0.20201
0.20199
0.20195
0.20191
0.20186
0.2018
0.20173
0.20165
0.20155
0.20145
0.20135
0.20124
0.20112
0.20101
0.20091
0.20081
0.20073
0.20065
0.20059
0.20054
0.20051
0.20049
0.20048
0.20048
0.20049
0.2005
0.20051
0.20052
0.20053
0.20053
0.20053
0.20052
0.20049
0.20046
0.20042
0.20037
0.20032
0.20026
0.2002
0.20014
0.20008
0.20002
0.19997
0.19993
0.19989
0.19986
0.19984
0.19982
0.19981
0.1998
0.19979
0.19979
0.19978
0.19978
0.19977
0.19976
0.19975
0.19974
0.19973
0.19971
0.1997
0.19969
0.19968
0.19968
0.19968
0.19968
0.19969
0.1997
0.19972
0.19974
0.19976
0.19977
0.19979
0.1998
0.1998
0.19979
0.19978
0.19975
0.19972
0.19967
0.19962
0.19956
0.19949
0.19942
0.19935
0.19928
0.19922
0.19916
0.1991
0.19905
0.19902
0.19898
0.19896
0.19894
0.19893
0.19892
0.19891
0.1989
0.19888
0.19886
0.19883
0.1988
0.19875
0.1987
0.19864
0.19858
0.19851
0.19844
0.19837
0.19831
0.19825
0.19821
0.19817
0.19815
0.19815
0.19816
0.19819
0.19823
0.19829
0.19836
0.19844
0.19852
0.19861
0.1987
0.19879
0.19887
0.19895
0.19902
0.19908
0.19914
0.19919
0.19923
0.19927
0.1993
0.19934
0.19937
0.19941
0.19946
0.1995
0.19956
0.19963
0.1997
0.19978
0.19986
0.19996
0.20005
0.20015
0.20025
0.20036
0.20046
0.20056
0.20066
0.20076
0.20085
0.20095
0.20104
0.20114
0.20123
0.20133
0.20143
0.20154
0.20165
0.20176
0.20188
0.202
0.20212
0.20224
0.20236
0.20247
0.20258
0.20268
0.20277
0.20285
0.20292
0.20297
0.20302
0.20305
0.20308
0.2031
0.20312
0.20313
0.20314
0.20315
0.20317
0.20319
0.20321
0.20324
0.20328
0.20332
0.20337
0.20342
0.20347
0.20351
0.20356
0.20359
0.20362
0.20364
0.20365
0.20364
0.20363
0.20361
0.20358
0.20354
0.2035
0.20346
0.20342
0.20338
0.20335
0.20333
0.20333
0.20333
0.20335
0.20338
0.20355
0.20373
0.20392
0.20412
0.20432
0.20452
0.20472
0.20491
0.2051
0.20528
0.20545
0.20561
0.20576
0.2059
0.20603
0.20615
0.20627
0.20639
0.2065
0.20662
0.20673
0.20685
0.20698
0.20711
0.20725
0.20739
0.20753
0.20768
0.20784
0.20799
0.20814
0.20829
0.20844
0.20859
0.20873
0.20887
0.20901
0.20914
0.20928
0.20941
0.20954
0.20967
0.20981
0.20994
0.21008
0.21023
0.21037
0.21052
0.21066
0.21081
0.21095
0.21109
0.21122
0.21134
0.21145
0.21156
0.21165
0.21172
0.21179
0.21185
0.2119
0.21194
0.21197
0.21201
0.21204
0.21207
0.21211
0.21215
0.2122
0.21226
0.21232
0.21239
0.21246
0.21254
0.21261
0.21269
0.21276
0.21283
0.21289
0.21294
0.21298
0.21302
0.21304
0.21306
0.21307
0.21307
0.21308
0.21308
0.21309
0.2131
0.21312
0.21315
0.2132
0.21326
0.21334
0.21343
0.21354
0.21366
0.21379
0.21393
0.21407
0.21422
0.21437
0.21452
0.21466
0.2148
0.21493
0.21505
0.21516
0.21527
0.21537
0.21546
0.21555
0.21564
0.21574
0.21583
0.21593
0.21604
0.21615
0.21627
0.2164
0.21654
0.21668
0.21683
0.21699
0.21715
0.21731
0.21747
0.21763
0.21779
0.21795
0.21811
0.21827
0.21843
0.21859
0.21875
0.21891
0.21907
0.21924
0.21941
0.21959
0.21978
0.21996
0.22015
0.22035
0.22054
0.22073
0.22092
0.2211
0.22128
0.22145
0.22161
0.22176
0.22189
0.22202
0.22214
0.22226
0.22236
0.22247
0.22257
0.22267
0.22277
0.22288
0.223
0.22312
0.22324
0.22338
0.22352
0.22367
0.22382
0.22397
0.22412
0.22427
0.22442
0.22456
0.22469
0.22481
0.22492
0.22502
0.22511
0.2252
0.22528
0.22536
0.22544
0.22552
0.22561
0.2257
0.22581
0.22593
0.22607
0.22622
0.22638
0.22656
0.22675
0.22695
0.22715
0.22737
0.22758
0.22779
0.228
0.22821
0.22841
0.22859
0.22877
0.22894
0.22911
0.22926
0.22941
0.22955
0.22969
0.22983
0.22997
0.23012
0.23027
0.23042
0.23059
0.23075
0.23093
0.23111
0.23129
0.23135
0.23141
0.23148
0.23154
0.2316
0.23166
0.23171
0.23176
0.23181
0.23186
0.23191
0.23195
0.232
0.23204
0.23209
0.23215
0.2322
0.23226
0.23232
0.23238
0.23244
0.23251
0.23256
0.23262
0.23266
0.2327
0.23273
0.23275
0.23276
0.23275
0.23273
0.23271
0.23267
0.23263
0.23258
0.23253
0.23248
0.23243
0.23238
0.23234
0.2323
0.23227
0.23224
0.23222
0.23221
0.2322
0.23219
0.23217
0.23216
0.23214
0.23211
0.23207
0.23202
0.23196
0.2319
0.23182
0.23174
0.23165
0.23156
0.23147
0.23138
0.2313
0.23123
0.23116
0.23112
0.23108
0.23106
0.23105
0.23106
0.23108
0.23111
0.23115
0.2312
0.23124
0.23129
0.23133
0.23137
0.23141
0.23143
0.23145
0.23146
0.23146
0.23145
0.23144
0.23142
0.23141
0.23139
0.23138
0.23137
0.23137
0.23137
0.23138
0.2314
0.23143
0.23146
0.2315
0.23154
0.23159
0.23163
0.23168
0.23173
0.23178
0.23182
0.23187
0.23191
0.23195
0.232
0.23204
0.23209
0.23214
0.23219
0.23225
0.23231
0.23237
0.23244
0.23252
0.23259
0.23267
0.23274
0.23281
0.23288
0.23294
0.23299
0.23303
0.23306
0.23309
0.2331
0.2331
0.23309
0.23308
0.23307
0.23305
0.23304
0.23302
0.23302
0.23301
0.23302
0.23303
0.23305
0.23307
0.2331
0.23314
0.23318
0.23321
0.23325
0.23327
0.2333
0.23331
0.23332
0.23331
0.2333
0.23328
0.23325
0.23322
0.23318
0.23315
0.23312
0.23309
0.23308
0.23307
0.23308
0.2331
0.23314
0.23319
0.23326
0.23333
0.23342
0.23352
0.23362
0.23372
0.23382
0.23392
0.23402
0.2341
0.23418
0.23425
0.23431
0.23436
0.23441
0.23445
0.23448
0.23451
0.23454
0.23457
0.23461
0.23465
0.23469
0.23475
0.2348
0.23487
0.23494
0.23501
0.23509
0.23516
0.23524
0.23532
0.2354
0.23547
0.23554
0.2356
0.23567
0.23573
0.23579
0.23585
0.2359
0.23596
0.23603
0.23609
0.23616
0.23623
0.2363
0.23637
0.23644
0.23651
0.23658
0.23664
0.2367
0.23674
0.23678
0.2368
0.23681
0.23681
0.2368
0.23677
0.23674
0.2367
0.23665
0.2366
0.23655
0.2365
0.23645
0.2364
0.23636
0.23633
0.2363
0.23627
0.23625
0.23623
0.23621
0.23619
0.23616
0.23613
0.23609
0.23604
0.23598
0.23591
0.23582
0.23573
0.23563
0.23552
0.23541
0.2353
0.23519
0.23509
0.23499
0.23491
0.23483
0.23477
0.23472
0.23469
0.23467
0.23466
0.23466
0.23466
0.23468
0.23469
0.2347
0.23471
0.23471
0.23471
0.23469
0.23467
0.23464
0.2346
0.23455
0.2345
0.23444
0.23438
0.23432
0.23426
0.2342
0.23415
0.23411
0.23407
0.23404
0.23402
0.234
0.23399
0.23398
0.23397
0.23397
0.23396
0.23396
0.23395
0.23394
0.23393
0.23392
0.23391
0.23389
0.23388
0.23387
0.23386
0.23386
0.23386
0.23386
0.23387
0.23388
0.2339
0.23392
0.23394
0.23395
0.23397
0.23397
0.23398
0.23397
0.23395
0.23393
0.23389
0.23385
0.2338
0.23374
0.23367
0.2336
0.23353
0.23346
0.2334
0.23333
0.23328
0.23323
0.23319
0.23316
0.23314
0.23312
0.23311
0.2331
0.23309
0.23308
0.23306
0.23304
0.23301
0.23298
0.23293
0.23288
0.23282
0.23276
0.23269
0.23262
0.23255
0.23249
0.23243
0.23239
0.23235
0.23233
0.23233
0.23234
0.23237
0.23241
0.23247
0.23254
0.23262
0.2327
0.23279
0.23288
0.23297
0.23305
0.23313
0.2332
0.23326
0.23332
0.23337
0.23341
0.23345
0.23348
0.23352
0.23355
0.23359
0.23364
0.23368
0.23374
0.23381
0.23388
0.23396
0.23404
0.23414
0.23423
0.23433
0.23443
0.23454
0.23464
0.23474
0.23484
0.23494
0.23503
0.23513
0.23522
0.23532
0.23541
0.23551
0.23561
0.23572
0.23583
0.23594
0.23606
0.23618
0.2363
0.23642
0.23654
0.23665
0.23676
0.23686
0.23695
0.23703
0.2371
0.23715
0.2372
0.23723
0.23726
0.23728
0.2373
0.23731
0.23732
0.23733
0.23735
0.23737
0.23739
0.23742
0.23746
0.2375
0.23755
0.2376
0.23765
0.23769
0.23774
0.23777
0.2378
0.23782
0.23783
0.23783
0.23781
0.23776
0.2377
0.23763
0.23756
0.23749
0.23742
0.23735
0.2373
0.23725
0.23721
0.23719
0.23718
0.23718
0.23719
0.23722
0.23725
0.23729
0.23734
0.23738
0.23743
0.23746
0.2375
0.23752
0.23754
0.23754
0.23753
0.23752
0.23749
0.23746
0.23743
0.23739
0.23734
0.2373
0.23726
0.23723
0.2372
0.23717
0.23715
0.23714
0.23713
0.23713
0.23712
0.23712
0.23712
0.23711
0.23711
0.2371
0.23709
0.23707
0.23705
0.23703
0.23701
0.23698
0.23696
0.23694
0.23692
0.2369
0.23688
0.23687
0.23686
0.23685
0.23684
0.23683
0.23682
0.2368
0.23677
0.23674
0.2367
0.23664
0.23658
0.2365
0.23641
0.23631
0.2362
0.23609
0.23597
0.23585
0.23573
0.2356
0.23549
0.23537
0.23527
0.23517
0.23507
0.23498
0.2349
0.23482
0.23474
0.23466
0.23458
0.23449
0.2344
0.23429
0.23418
0.23406
0.23393
0.23379
0.23364
0.23349
0.23334
0.23319
0.23304
0.2329
0.23276
0.23264
0.23253
0.23244
0.23236
0.2323
0.23225
0.23221
0.23219
0.23217
0.23216
0.23215
0.23215
0.23214
0.23212
0.23211
0.23208
0.23204
0.232
0.23195
0.2319
0.23184
0.23177
0.23171
0.23165
0.23159
0.23153
0.23148
0.23144
0.2314
0.23138
0.23136
0.23135
0.23134
0.23134
0.23134
0.23135
0.23136
0.23136
0.23137
0.23137
0.23138
0.23138
0.23138
0.23138
0.23139
0.23139
0.2314
0.23142
0.23143
0.23146
0.23148
0.23152
0.23155
0.23159
0.23163
0.23166
0.23169
0.23172
0.23174
0.23176
0.23176
0.23175
0.23174
0.23171
0.23167
0.23163
0.23158
0.23153
0.23148
0.23142
0.23137
0.23132
0.23128
0.23125
0.23122
0.2312
0.23119
0.23118
0.23117
0.23117
0.23117
0.23116
0.23115
0.23113
0.23111
0.23107
0.23103
0.23097
0.23091
0.23084
0.23077
0.23069
0.23061
0.23054
0.23047
0.23041
0.23037
0.23033
0.23031
0.2303
0.23031
0.23033
0.23037
0.23041
0.23046
0.23052
0.23058
0.23064
0.23069
0.23074
0.23078
0.23081
0.23084
0.23085
0.23086
0.23086
0.23085
0.23084
0.23082
0.23081
0.23079
0.23078
0.23078
0.23078
0.23078
0.2308
0.23081
0.23084
0.23087
0.2309
0.23093
0.23096
0.231
0.23103
0.23106
0.23108
0.2311
0.23112
0.23114
0.23116
0.23117
0.23119
0.23121
0.23123
0.23125
0.23127
0.2313
0.23133
0.23137
0.2314
0.23143
0.23146
0.23149
0.2315
0.23151
0.23151
0.2315
0.23148
0.23144
0.2314
0.23134
0.23127
0.2312
0.23112
0.23104
0.23096
0.23088
0.2308
0.23073
0.23066
0.2306
0.23055
0.2305
0.23046
0.23041
0.23037
0.23033
0.23029
0.23024
0.23018
0.23011
0.23003
0.22995
0.22985
0.22974
0.22963
0.22951
0.22939
0.22927
0.22916
0.22905
0.22894
0.22885
0.22877
0.22871
0.22866
0.22862
0.2286
0.22859
0.22859
0.2286
0.22862
0.22863
0.22865
0.22867
0.22868
0.22868
0.22868
0.22866
0.22864
0.22861
0.22858
0.22854
0.22849
0.22844
0.2284
0.22836
0.22832
0.22829
0.22826
0.22824
0.22823
0.22823
0.22823
0.22824
0.22825
0.22827
0.22829
0.22831
0.22832
0.22834
0.22836
0.22837
0.22839
0.2284
0.22841
0.22843
0.22844
0.22846
0.22849
0.22852
0.22855
0.22858
0.22863
0.22867
0.22872
0.22876
0.22881
0.22885
0.22888
0.22891
0.22894
0.22895
0.22895
0.22894
0.22892
0.2289
0.22886
0.22882
0.22878
0.22873
0.22869
0.22864
0.22861
0.22857
0.22855
0.22853
0.22852
0.22852
0.22852
0.22852
0.22853
0.22854
0.22854
0.22854
0.22853
0.22852
0.22849
0.22846
0.22842
0.22837
0.22831
0.22825
0.22818
0.22812
0.22806
0.228
0.22796
0.22792
0.2279
0.2279
0.2279
0.22793
0.22796
0.22801
0.22807
0.22813
0.22821
0.22828
0.22835
0.22842
0.22849
0.22854
0.22859
0.22863
0.22866
0.22869
0.2287
0.22871
0.22871
0.22871
0.22872
0.22872
0.22872
0.22873
0.22875
0.22877
0.2288
0.22883
0.22887
0.22892
0.22897
0.22901
0.22906
0.22911
0.22916
0.2292
0.22924
0.22928
0.22931
0.22934
0.22937
0.2294
0.22943
0.22946
0.22945
0.22944
0.22943
0.22943
0.22943
0.22943
0.22943
0.22943
0.22942
0.22941
0.22939
0.22937
0.22933
0.22928
0.22922
0.22915
0.22906
0.22896
0.22886
0.22875
0.22863
0.2285
0.22838
0.22825
0.22813
0.22801
0.2279
0.22779
0.22769
0.22759
0.2275
0.22741
0.22731
0.22722
0.22712
0.22702
0.2269
0.22678
0.22665
0.2265
0.22635
0.22618
0.22601
0.22583
0.22565
0.22546
0.22528
0.2251
0.22494
0.22478
0.22463
0.2245
0.22438
0.22427
0.22418
0.22409
0.22402
0.22396
0.22389
0.22383
0.22377
0.22371
0.22364
0.22356
0.22348
0.22338
0.22328
0.22317
0.22305
0.22292
0.22279
0.22265
0.22252
0.22239
0.22226
0.22214
0.22202
0.22191
0.22181
0.22171
0.22162
0.22154
0.22146
0.22138
0.2213
0.22122
0.22115
0.22107
0.22099
0.2209
0.22082
0.22073
0.22065
0.22056
0.22048
0.2204
0.22032
0.22025
0.22018
0.22012
0.22006
0.22
0.21995
0.21989
0.21984
0.21978
0.21971
0.21964
0.21956
0.21948
0.21938
0.21927
0.21916
0.21903
0.2189
0.21876
0.21862
0.21847
0.21833
0.21819
0.21806
0.21793
0.21781
0.2177
0.2176
0.2175
0.21741
0.21733
0.21724
0.21716
0.21708
0.21699
0.2169
0.2168
0.21669
0.21657
0.21645
0.21632
0.21618
0.21604
0.21589
0.21575
0.21562
0.21549
0.21537
0.21527
0.21517
0.2151
0.21504
0.21499
0.21496
0.21495
0.21494
0.21495
0.21496
0.21498
0.21499
0.21501
0.21502
0.21503
0.21502
0.21502
0.215
0.21498
0.21495
0.21491
0.21487
0.21484
0.2148
0.21477
0.21474
0.21471
0.2147
0.21469
0.21469
0.2147
0.21471
0.21473
0.21475
0.21478
0.21481
0.21484
0.21487
0.2149
0.21493
0.21495
0.21497
0.215
0.21502
0.21504
0.21506
0.21509
0.21512
0.21515
0.21519
0.21523
0.21528
0.21532
0.21537
0.21542
0.21546
0.21551
0.21554
0.21557
0.21558
0.21559
0.21559
0.21557
0.21555
0.21551
0.21546
0.21541
0.21535
0.21529
0.21523
0.21517
0.21511
0.21506
0.21501
0.21497
0.21507
0.21518
0.21529
0.2154
0.21551
0.21562
0.21573
0.21583
0.21592
0.216
0.21607
0.21613
0.21618
0.21622
0.21625
0.21628
0.2163
0.21632
0.21635
0.21637
0.21641
0.21645
0.21651
0.21658
0.21666
0.21675
0.21686
0.21698
0.2171
0.21724
0.21737
0.21751
0.21765
0.21778
0.21791
0.21802
0.21813
0.21823
0.21831
0.21839
0.21846
0.21852
0.21857
0.21863
0.21868
0.21873
0.21878
0.21884
0.2189
0.21897
0.21904
0.21912
0.21921
0.21929
0.21938
0.21947
0.21956
0.21965
0.21974
0.21982
0.2199
0.21998
0.22005
0.22013
0.22019
0.22026
0.22033
0.2204
0.22047
0.22055
0.22062
0.2207
0.22079
0.22087
0.22095
0.22103
0.22111
0.22119
0.22126
0.22131
0.22136
0.2214
0.22143
0.22145
0.22145
0.22144
0.22143
0.22141
0.22138
0.22135
0.22132
0.22129
0.22127
0.22125
0.22123
0.22122
0.22122
0.22123
0.22124
0.22125
0.22126
0.22128
0.22129
0.22129
0.22129
0.22128
0.22126
0.22123
0.22119
0.22114
0.22109
0.22103
0.22097
0.22091
0.22086
0.22081
0.22077
0.22074
0.22072
0.22072
0.22073
0.22076
0.22081
0.22086
0.22093
0.22101
0.22109
0.22118
0.22126
0.22135
0.22142
0.2215
0.22156
0.22162
0.22167
0.22172
0.22175
0.22179
0.22181
0.22184
0.22187
0.2219
0.22194
0.22198
0.22204
0.22209
0.22216
0.22223
0.22232
0.2224
0.22249
0.22259
0.22269
0.22279
0.22289
0.22298
0.22308
0.22318
0.22327
0.22337
0.22346
0.22356
0.22366
0.22376
0.22387
0.22398
0.22409
0.22421
0.22434
0.22446
0.22459
0.22472
0.22485
0.22498
0.2251
0.22521
0.22532
0.22541
0.2255
0.22558
0.22564
0.2257
0.22575
0.22579
0.22583
0.22587
0.22591
0.22595
0.226
0.22605
0.22611
0.22617
0.22624
0.22632
0.22641
0.22649
0.22658
0.22667
0.22676
0.22684
0.22692
0.22698
0.22704
0.22709
0.22713
0.22716
0.22718
0.2272
0.22721
0.22723
0.22725
0.22728
0.22731
0.22735
0.22741
0.22748
0.22757
0.22767
0.22779
0.22791
0.22797
0.22804
0.22812
0.22819
0.22827
0.22834
0.22841
0.22847
0.22852
0.22856
0.22859
0.22862
0.22863
0.22865
0.22865
0.22865
0.22866
0.22866
0.22867
0.22868
0.2287
0.22872
0.22875
0.22879
0.22883
0.22888
0.22893
0.22898
0.22903
0.22908
0.22913
0.22917
0.22922
0.22926
0.2293
0.22933
0.22936
0.2294
0.22943
0.22947
0.22951
0.22955
0.22959
0.22964
0.22969
0.22974
0.22979
0.22984
0.22988
0.22993
0.22996
0.22999
0.23001
0.23001
0.23001
0.22999
0.22996
0.22992
0.22988
0.22982
0.22976
0.2297
0.22963
0.22957
0.22951
0.22946
0.22941
0.22937
0.22933
0.2293
0.22927
0.22925
0.22923
0.2292
0.22918
0.22914
0.2291
0.22905
0.22899
0.22892
0.22885
0.22876
0.22866
0.22856
0.22846
0.22836
0.22826
0.22817
0.22808
0.22801
0.22795
0.2279
0.22787
0.22785
0.22785
0.22786
0.22788
0.2279
0.22794
0.22797
0.22801
0.22804
0.22807
0.22809
0.2281
0.22811
0.2281
0.22809
0.22807
0.22805
0.22802
0.228
0.22797
0.22794
0.22792
0.22791
0.2279
0.2279
0.22791
0.22792
0.22794
0.22797
0.228
0.22804
0.22807
0.22811
0.22815
0.22818
0.22822
0.22825
0.22828
0.22831
0.22834
0.22838
0.22841
0.22845
0.22849
0.22853
0.22858
0.22864
0.2287
0.22876
0.22882
0.22889
0.22895
0.22901
0.22906
0.22911
0.22915
0.22918
0.2292
0.22921
0.22921
0.2292
0.22919
0.22916
0.22914
0.22911
0.22908
0.22906
0.22904
0.22902
0.22902
0.22902
0.22902
0.22904
0.22906
0.22908
0.2291
0.22913
0.22915
0.22917
0.22918
0.22918
0.22918
0.22916
0.22914
0.2291
0.22906
0.22902
0.22897
0.22893
0.22888
0.22885
0.22882
0.2288
0.2288
0.22881
0.22884
0.22888
0.22893
0.229
0.22907
0.22916
0.22925
0.22934
0.22943
0.22952
0.2296
0.22967
0.22974
0.2298
0.22985
0.22989
0.22992
0.22995
0.22997
0.22999
0.23001
0.23003
0.23005
0.23008
0.23011
0.23015
0.2302
0.23025
0.23031
0.23037
0.23044
0.23043
0.23042
0.2304
0.23039
0.23038
0.23036
0.23034
0.23031
0.23028
0.23025
0.23022
0.23019
0.23017
0.23014
0.23011
0.23009
0.23007
0.23006
0.23004
0.23003
0.23001
0.22999
0.22996
0.22993
0.22988
0.22983
0.22976
0.22969
0.2296
0.2295
0.22939
0.22926
0.22914
0.229
0.22886
0.22872
0.22858
0.22844
0.22831
0.22818
0.22806
0.22794
0.22782
0.22771
0.22761
0.2275
0.22739
0.22727
0.22715
0.22702
0.22689
0.22674
0.22658
0.2264
0.22622
0.22603
0.22584
0.22564
0.22544
0.22524
0.22505
0.22487
0.22469
0.22453
0.22438
0.22424
0.22412
0.22401
0.22391
0.22383
0.22374
0.22367
0.22359
0.22352
0.22344
0.22335
0.22326
0.22316
0.22305
0.22293
0.2228
0.22266
0.22252
0.22237
0.22222
0.22207
0.22193
0.22178
0.22164
0.22151
0.22139
0.22127
0.22115
0.22105
0.22095
0.22085
0.22076
0.22066
0.22057
0.22048
0.22038
0.22028
0.22019
0.22009
0.21998
0.21988
0.21978
0.21968
0.21959
0.21949
0.2194
0.21932
0.21924
0.21917
0.21909
0.21902
0.21895
0.21888
0.21881
0.21873
0.21864
0.21855
0.21844
0.21833
0.21821
0.21807
0.21793
0.21778
0.21763
0.21747
0.21731
0.21716
0.217
0.21685
0.21671
0.21657
0.21645
0.21633
0.21622
0.21611
0.21601
0.21591
0.21581
0.21571
0.21561
0.2155
0.21538
0.21526
0.21513
0.21499
0.21484
0.21468
0.21453
0.21437
0.21421
0.21406
0.21392
0.21378
0.21366
0.21355
0.21346
0.21339
0.21333
0.21328
0.21325
0.21323
0.21322
0.21322
0.21322
0.21322
0.21322
0.21321
0.2132
0.21318
0.21316
0.21313
0.21309
0.21304
0.21299
0.21294
0.21288
0.21283
0.21278
0.21274
0.2127
0.21267
0.21264
0.21263
0.21262
0.21262
0.21262
0.21263
0.21264
0.21265
0.21267
0.21268
0.21269
0.2127
0.21271
0.21272
0.21273
0.21273
0.21274
0.21275
0.21276
0.21277
0.21279
0.21281
0.21284
0.21287
0.2129
0.21293
0.21296
0.21299
0.21302
0.21304
0.21305
0.21305
0.21304
0.21302
0.21308
0.21313
0.21317
0.2132
0.21322
0.21324
0.21325
0.21327
0.21328
0.2133
0.21332
0.21335
0.21339
0.21343
0.21347
0.21352
0.21357
0.21363
0.21368
0.21372
0.21376
0.21379
0.21381
0.21383
0.21383
0.21382
0.2138
0.21377
0.21373
0.2137
0.21366
0.21362
0.21359
0.21356
0.21355
0.21354
0.21355
0.21357
0.21361
0.21365
0.21371
0.21378
0.21385
0.21393
0.21401
0.21408
0.21415
0.21422
0.21428
0.21432
0.21436
0.21439
0.2144
0.21441
0.21441
0.21441
0.2144
0.21439
0.21438
0.21438
0.21438
0.21438
0.21439
0.2144
0.21442
0.21444
0.21447
0.2145
0.21453
0.21456
0.21459
0.21461
0.21464
0.21466
0.21467
0.21469
0.2147
0.21471
0.21472
0.21472
0.21473
0.21475
0.21476
0.21478
0.2148
0.21482
0.21484
0.21487
0.21489
0.21491
0.21492
0.21493
0.21493
0.21492
0.2149
0.21486
0.21482
0.21476
0.2147
0.21462
0.21454
0.21445
0.21436
0.21427
0.21419
0.2141
0.21402
0.21395
0.21388
0.21382
0.21376
0.21371
0.21366
0.21362
0.21357
0.21352
0.21346
0.2134
0.21333
0.21325
0.21316
0.21306
0.21296
0.21284
0.21273
0.21261
0.21249
0.21237
0.21226
0.21216
0.21207
0.212
0.21193
0.21189
0.21186
0.21184
0.21184
0.21185
0.21186
0.21188
0.21191
0.21194
0.21196
0.21198
0.21199
0.212
0.212
0.21199
0.21197
0.21195
0.21192
0.21189
0.21186
0.21183
0.2118
0.21177
0.21176
0.21175
0.21175
0.21175
0.21177
0.21179
0.21182
0.21185
0.21188
0.21192
0.21196
0.212
0.21204
0.21208
0.21211
0.21215
0.21218
0.21222
0.21225
0.21229
0.21233
0.21238
0.21243
0.21248
0.21254
0.21261
0.21268
0.21275
0.21282
0.21289
0.21295
0.21301
0.21306
0.21311
0.21315
0.21317
0.21319
0.21319
0.21319
0.21318
0.21317
0.21315
0.21312
0.2131
0.21308
0.21307
0.21306
0.21306
0.21306
0.21308
0.21309
0.21312
0.21315
0.21318
0.21321
0.21323
0.21325
0.21327
0.21328
0.21327
0.21326
0.21324
0.21321
0.21317
0.21313
0.21309
0.21304
0.213
0.21297
0.21294
0.21293
0.21293
0.21294
0.21296
0.213
0.21306
0.21312
0.2132
0.21328
0.21337
0.21346
0.21356
0.21364
0.21372
0.2138
0.21386
0.21392
0.21397
0.21401
0.21404
0.21406
0.21408
0.2141
0.21412
0.21414
0.21416
0.21419
0.21422
0.21426
0.2143
0.21435
0.21441
0.21447
0.21453
0.2146
0.21467
0.21473
0.2148
0.21486
0.21491
0.21497
0.21502
0.21507
0.21512
0.21517
0.21522
0.21527
0.21532
0.21538
0.21543
0.2155
0.21556
0.21562
0.21569
0.21576
0.21582
0.21587
0.21592
0.21596
0.216
0.21602
0.21603
0.21602
0.21601
0.21599
0.21595
0.21591
0.21587
0.21582
0.21577
0.21572
0.21568
0.21564
0.21561
0.21558
0.21556
0.21554
0.21553
0.21552
0.21551
0.2155
0.21549
0.21547
0.21545
0.21541
0.21537
0.21531
0.21525
0.21518
0.2151
0.21501
0.21492
0.21484
0.21475
0.21467
0.2146
0.21454
0.2145
0.21447
0.21445
0.21445
0.21446
0.21448
0.21451
0.21456
0.2146
0.21465
0.2147
0.21475
0.21479
0.21483
0.21486
0.21488
0.21489
0.21489
0.21489
0.21488
0.21487
0.21486
0.21484
0.21483
0.21483
0.21483
0.21483
0.21485
0.21487
0.2149
0.21493
0.21498
0.21502
0.21507
0.21512
0.21517
0.21522
0.21528
0.21532
0.21537
0.21542
0.21546
0.21551
0.21556
0.21561
0.21566
0.21571
0.21577
0.21584
0.21591
0.21598
0.21606
0.21614
0.21622
0.21629
0.21637
0.21644
0.2165
0.21655
0.2166
0.21663
0.21666
0.21667
0.21668
0.21668
0.21667
0.21666
0.21664
0.21663
0.21662
0.21662
0.21662
0.21662
0.21664
0.21666
0.21669
0.21672
0.21676
0.2168
0.21684
0.21688
0.21691
0.21693
0.21695
0.21696
0.21696
0.21695
0.21693
0.21691
0.21688
0.21684
0.21681
0.21679
0.21676
0.21675
0.21675
0.21676
0.21679
0.21683
0.21688
0.21695
0.21703
0.21712
0.21722
0.21732
0.21743
0.21754
0.21764
0.21773
0.21782
0.21791
0.21798
0.21804
0.2181
0.21814
0.21819
0.21822
0.21826
0.21829
0.21833
0.21836
0.21841
0.21846
0.21851
0.21857
0.21864
0.21871
0.21879
0.21887
0.21895
0.21903
0.21911
0.21919
0.21926
0.21934
0.21941
0.21947
0.21954
0.2196
0.21966
0.21972
0.21978
0.21985
0.21992
0.21999
0.22006
0.22013
0.22021
0.22028
0.22036
0.22043
0.22049
0.22055
0.2206
0.22064
0.22066
0.22068
0.22068
0.22067
0.22065
0.22062
0.22058
0.22054
0.22049
0.22044
0.22039
0.22035
0.2203
0.22027
0.22023
0.22021
0.22019
0.22017
0.22015
0.22013
0.22011
0.22009
0.22006
0.22002
0.21998
0.21992
0.21985
0.21977
0.21968
0.21958
0.21948
0.21937
0.21926
0.21916
0.21906
0.21896
0.21888
0.21881
0.21875
0.21871
0.21868
0.21866
0.21865
0.21865
0.21866
0.21868
0.21869
0.21871
0.21872
0.21873
0.21873
0.21872
0.2187
0.21867
0.21863
0.21859
0.21853
0.21848
0.21842
0.21836
0.21831
0.21826
0.21821
0.21817
0.21813
0.21811
0.21809
0.21807
0.21806
0.21806
0.21805
0.21805
0.21805
0.21805
0.21804
0.21804
0.21803
0.21802
0.21801
0.218
0.21799
0.21798
0.21798
0.21798
0.21798
0.21799
0.218
0.21802
0.21804
0.21806
0.21808
0.2181
0.21811
0.21813
0.21813
0.21813
0.21812
0.21809
0.21806
0.21802
0.21797
0.21791
0.21785
0.21779
0.21772
0.21765
0.21759
0.21753
0.21748
0.21744
0.2174
0.21737
0.21735
0.21734
0.21733
0.21732
0.21731
0.2173
0.21729
0.21727
0.21725
0.21722
0.21718
0.21713
0.21707
0.21701
0.21694
0.21688
0.21681
0.21675
0.2167
0.21666
0.21663
0.21661
0.21661
0.21662
0.21666
0.2167
0.21676
0.21683
0.21691
0.217
0.21709
0.21719
0.21728
0.21736
0.21744
0.21752
0.21759
0.21764
0.2177
0.21774
0.21778
0.21782
0.21786
0.2179
0.21794
0.21799
0.21804
0.2181
0.21817
0.21824
0.21832
0.21841
0.21851
0.21861
0.21871
0.21882
0.21892
0.21903
0.21913
0.21923
0.21933
0.21943
0.21953
0.21963
0.21973
0.21983
0.21993
0.22003
0.22014
0.22025
0.22037
0.22049
0.22061
0.22074
0.22086
0.22098
0.2211
0.22121
0.22131
0.2214
0.22149
0.22156
0.22162
0.22167
0.22171
0.22174
0.22176
0.22178
0.22179
0.22181
0.22182
0.22184
0.22186
0.22189
0.22193
0.22197
0.22201
0.22206
0.22211
0.22216
0.22221
0.22226
0.2223
0.22233
0.22235
0.22236
0.22237
0.22236
0.22234
0.22231
0.22227
0.22223
0.2222
0.22216
0.22213
0.2221
0.22208
0.22208
0.22209
0.22211
0.22215
0.22219
0.22225
0.22232
0.22239
0.22247
0.22254
0.22262
0.22269
0.22276
0.22281
0.22286
0.2229
0.22293
0.22294
0.22295
0.22295
0.22295
0.22294
0.22293
0.22292
0.22292
0.22291
0.22292
0.22292
0.22294
0.22296
0.22298
0.22301
0.22304
0.22307
0.2231
0.22313
0.22315
0.22318
0.2232
0.22321
0.22323
0.22324
0.22325
0.22326
0.22326
0.22327
0.22328
0.2233
0.22332
0.22334
0.22336
0.22338
0.2234
0.22343
0.22345
0.22346
0.22347
0.22347
0.22346
0.22344
0.2234
0.22336
0.2233
0.22324
0.22316
0.22308
0.22299
0.2229
0.22281
0.22272
0.22264
0.22256
0.22248
0.22242
0.22236
0.2223
0.22225
0.2222
0.22216
0.22211
0.22206
0.222
0.22194
0.22187
0.22179
0.2217
0.2216
0.2215
0.22138
0.22126
0.22114
0.22102
0.22091
0.2208
0.2207
0.22061
0.22053
0.22047
0.22043
0.2204
0.22038
0.22038
0.22038
0.2204
0.22042
0.22045
0.22047
0.2205
0.22052
0.22053
0.22054
0.22054
0.22053
0.22051
0.22049
0.22046
0.22043
0.22039
0.22036
0.22034
0.22031
0.2203
0.22029
0.22029
0.22029
0.22031
0.22033
0.22035
0.22039
0.22042
0.22046
0.2205
0.22054
0.22058
0.22061
0.22065
0.22069
0.22072
0.22075
0.22079
0.22083
0.22087
0.22092
0.22097
0.22102
0.22108
0.22115
0.22122
0.22129
0.22136
0.22142
0.22149
0.22155
0.2216
0.22165
0.22169
0.22171
0.22173
0.22173
0.22173
0.22172
0.2217
0.22168
0.22166
0.22164
0.22162
0.22161
0.2216
0.2216
0.2216
0.22161
0.22163
0.22166
0.22169
0.22172
0.22174
0.22177
0.22179
0.22181
0.22181
0.22181
0.2218
0.22178
0.22175
0.22171
0.22167
0.22163
0.22158
0.22154
0.22151
0.22148
0.22147
0.22146
0.22148
0.2215
0.22154
0.2216
0.22166
0.22174
0.22182
0.22191
0.222
0.22209
0.22218
0.22226
0.22234
0.2224
0.22246
0.22251
0.22255
0.22258
0.2226
0.22262
0.22264
0.22266
0.22268
0.2227
0.22273
0.22276
0.2228
0.22284
0.22289
0.22295
0.22301
0.22307
0.22314
0.22321
0.22327
0.22333
0.2234
0.22345
0.22351
0.22356
0.22361
0.22366
0.22371
0.22376
0.22381
0.22386
0.22391
0.22397
0.22403
0.2241
0.22416
0.22423
0.22429
0.22436
0.22441
0.22446
0.2245
0.22454
0.22456
0.22457
0.22456
0.22455
0.22453
0.22449
0.22445
0.22441
0.22436
0.22431
0.22426
0.22422
0.22418
0.22415
0.22412
0.2241
0.22408
0.22407
0.22406
0.22405
0.22404
0.22403
0.22401
0.22398
0.22395
0.22391
0.22385
0.22379
0.22372
0.22364
0.22355
0.22346
0.22338
0.22329
0.22321
0.22314
0.22308
0.22304
0.223
0.22299
0.22298
0.223
0.22302
0.22305
0.22309
0.22314
0.22319
0.22324
0.22329
0.22333
0.22337
0.2234
0.22342
0.22343
0.22343
0.22343
0.22342
0.22341
0.22339
0.22338
0.22337
0.22337
0.22337
0.22337
0.22339
0.22341
0.22344
0.22347
0.22351
0.22356
0.22361
0.22366
0.22371
0.22376
0.22381
0.22386
0.22391
0.22396
0.224
0.22405
0.2241
0.22414
0.2242
0.22425
0.22431
0.22438
0.22445
0.22452
0.2246
0.22468
0.22475
0.22483
0.22491
0.22498
0.22504
0.22509
0.22514
0.22517
0.2252
0.22521
0.22522
0.22521
0.22521
0.2252
0.22518
0.22517
0.22516
0.22515
0.22515
0.22516
0.22518
0.2252
0.22523
0.22526
0.2253
0.22534
0.22538
0.22541
0.22545
0.22547
0.22549
0.2255
0.2255
0.22549
0.22547
0.22544
0.22542
0.22538
0.22535
0.22532
0.2253
0.22529
0.22529
0.2253
0.22532
0.22537
0.22542
0.22549
0.22557
0.22566
0.22576
0.22586
0.22597
0.22607
0.22618
0.22627
0.22636
0.22645
0.22652
0.22658
0.22664
0.22668
0.22672
0.22676
0.2268
0.22683
0.22686
0.2269
0.22695
0.22699
0.22705
0.22711
0.22718
0.22725
0.22733
0.2274
0.22749
0.22757
0.22765
0.22773
0.2278
0.22788
0.22794
0.22801
0.22808
0.22814
0.2282
0.22826
0.22832
0.22839
0.22846
0.22852
0.2286
0.22867
0.22875
0.22882
0.2289
0.22897
0.22903
0.22909
0.22914
0.22918
0.2292
0.22922
0.22922
0.22921
0.22919
0.22916
0.22912
0.22908
0.22903
0.22898
0.22893
0.22888
0.22884
0.2288
0.22877
0.22875
0.22872
0.22871
0.22869
0.22867
0.22865
0.22863
0.2286
0.22856
0.22852
0.22846
0.22839
0.22831
0.22822
0.22812
0.22802
0.22791
0.2278
0.2277
0.2276
0.2275
0.22742
0.22735
0.22729
0.22725
0.22721
0.2272
0.22719
0.22719
0.2272
0.22722
0.22723
0.22725
0.22726
0.22727
0.22726
0.22725
0.22724
0.22721
0.22717
0.22712
0.22707
0.22702
0.22696
0.2269
0.22685
0.2268
0.22675
0.22671
0.22667
0.22664
0.22662
0.22661
0.2266
0.22659
0.22659
0.22659
0.22659
0.22659
0.22658
0.22658
0.22657
0.22656
0.22655
0.22654
0.22653
0.22652
0.22652
0.22652
0.22652
0.22653
0.22654
0.22656
0.22657
0.2266
0.22662
0.22664
0.22665
0.22667
0.22667
0.22667
0.22665
0.22663
0.2266
0.22656
0.22651
0.22645
0.22639
0.22632
0.22626
0.22619
0.22613
0.22607
0.22602
0.22597
0.22594
0.22591
0.22589
0.22588
0.22587
0.22586
0.22585
0.22584
0.22583
0.22581
0.22579
0.22576
0.22571
0.22567
0.22561
0.22555
0.22548
0.22542
0.22535
0.22529
0.22524
0.22519
0.22516
0.22515
0.22515
0.22516
0.22519
0.22524
0.2253
0.22537
0.22545
0.22554
0.22563
0.22572
0.22582
0.2259
0.22598
0.22606
0.22612
0.22618
0.22623
0.22628
0.22632
0.22636
0.2264
0.22644
0.22648
0.22652
0.22658
0.22664
0.2267
0.22678
0.22686
0.22695
0.22705
0.22715
0.22725
0.22735
0.22746
0.22757
0.22767
0.22777
0.22787
0.22797
0.22807
0.22817
0.22826
0.22836
0.22847
0.22857
0.22868
0.22879
0.22891
0.22903
0.22915
0.22928
0.2294
0.22952
0.22964
0.22975
0.22985
0.22994
0.23003
0.2301
0.23016
0.23021
0.23025
0.23028
0.2303
0.23032
0.23033
0.23035
0.23036
0.23038
0.2304
0.23043
0.23047
0.23051
0.23055
0.2306
0.23065
0.2307
0.23075
0.2308
0.23084
0.23087
0.23089
0.2309
0.2309
0.23089
0.23087
0.23085
0.23081
0.23077
0.23084
0.23137
0.23113
0.23111
0.23106
0.23102
0.23117
0.23138
0.23162
0.2319
0.23197
0.23179
0.23194
0.23199
0.23212
0.23234
0.23255
0.23258
0.23252
0.2328
0.23267
0.23331
0.23314
0.23314
0.2329
0.23296
0.23344
0.23326
0.2334
0.23358
0.23311
0.23361
0.23364
0.23338
0.23383
0.23369
0.23366
0.23379
0.23389
0.23392
0.23407
0.23415
0.23415
0.23438
0.23437
0.23447
0.23468
0.2345
0.23465
0.23461
0.23489
0.23496
0.23497
0.23497
0.23498
0.23499
0.235
0.23502
0.23503
0.23505
0.23506
0.23507
0.23507
0.23506
0.23504
0.23501
0.23496
0.23491
0.23485
0.23478
0.23469
0.23461
0.23452
0.23442
0.23433
0.23424
0.23415
0.23407
0.23399
0.23612
0.23602
0.23613
0.2362
0.23626
0.23621
0.23631
0.23619
0.23626
0.23628
0.2363
0.23624
0.23619
0.23625
0.2361
0.2361
0.23609
0.23609
0.236
0.23596
0.23595
0.23585
0.23577
0.23569
0.23563
0.23559
0.23556
0.23555
0.23554
0.23555
0.23556
0.23557
0.23558
0.2356
0.2356
0.2356
0.2356
0.23558
0.23555
0.23552
0.23548
0.23543
0.23538
0.23532
0.23527
0.23522
0.23518
0.23514
0.23511
0.23509
